00700
00857
02318
00883
00386
00939
01299
01093
02382
01177
03988
01398
00941
00027
00175
02269
00388
00005
02688
02018
00279
01928
03968
02628
00914
00268
00586
02601
02319
00291
01088
00998
01114
01530
02186
00384
01288
00902
01548
00772
00241
01357
02196
03993
02007
01918
00669
00486
00753
03319
00001
00880
00992
03333
00168
02328
01109
00016
00494
03888
00003
01055
01816
01313
01113
01044
01066
00916
02869
00762
00823
08083
01211
01988
00288
01099
00688
06030
01060
01317
02208
01128
00836
00570
00551
01336
00958
02689
00371
01171
00135
01997
02001
02202
02388
02238
02607
01193
00633
02338
02883
02899
00012
08207
00868
03323
01112
01958
03799
02669
00425
03899
01888
03306
00598
02799
00874
00066
01919
03380
00011
02333
00881
00884
00728
01833
00813
01658
00152
02313
00017
00981
01789
00006
03969
00354
00839
01208
00670
02005
00002
01752
03808
03337
00867
06837
01339
00522
00520
03328
00136
00200
03908
02357
01666
03383
01813
01138
01818
00729
01071
00604
01558
01269
02039
01169
01508
00460
03933
06169
02386
06808
03669
01766
02768
00489
03360
00950
06066
00123
01212
01038
00817
01728
02282
01030
00392
01778
01458
00220
02380
00656
02006
01800
01083
01347
00257
01359
02600
01628
02020
06068
01316
00148
02611
02038
00960
01999
02009
02331
00799
03633
00322
02779
03898
02888
03377
00347
00189
00512
03309
01031
00806
06881
00338
01569
00607
00390
02858
00128
00270
00285
06060
01251
00358
00699
00293
00151
01970
03396
00410
02329
01638
02588
06889
00316
00173
02777
00144
03900
01089
00968
00530
02268
01462
00576
03800
02638
01726
01668
03883
00966
01186
01776
03311
01913
06088
01898
06886
06869
01929
01333
00991
00101
00019
06823
00272
01378
00142
01513
01011
02343
00004
00372
00956
00308
03308
00606
08138
01257
00267
01700
08483
02866
00178
06878
01448
01337
00378
02727
00548
00171
00535
01478
01302
01161
02119
00751
01966
01729
01618
00819
01297
06158
00493
03918
03320
00323
03618
03606
00732
02666
00020
00932
00631
03339
02877
01720
00083
01566
01234
00756
08385
00853
01166
00816
01266
00177
01233
00708
00683
00665
00694
01243
00590
00363
08057
00029
02128
00345
00439
00581
00059
00451
02232
01579
02098
00087
01812
01052
00511
01660
00179
00659
00165
00855
03301
00008
02362
00405
02099
01086
00636
01862
01157
01131
01623
01788
00440
00023
06818
01630
01515
00658
01183
00696
00119
03836
01133
00054
01106
01536
00419
02138
01611
08420
00303
00832
00588
00970
01004
00010
00777
00934
01717
01632
01368
01140
00921
08283
01689
02314
00525
08430
08032
00931
02233
00069
03958
01815
01565
02188
08352
00639
08469
00860
01199
01681
00612
00508
06138
00450
08417
00574
01622
00264
01528
01986
00778
00317
03818
00251
08156
00190
06178
01238
08359
01308
00621
00754
00196
08491
03813
00585
01310
00127
02200
01889
02342
00336
08373
00784
02298
01777
02303
01680
02778
01972
06828
00506
00826
00007
03983
01360
01811
03998
01102
02868
01051
87001
01533
06858
00856
00891
06116
01293
03996
02136
00327
00552
00709
00995
01098
01428
08231
08157
01980
01882
08351
08168
01363
00815
00014
00081
08423
01585
08392
00818
02840
00368
00895
08292
08022
02633
01130
00572
08101
01750
02678
02662
01499
00547
01003
01431
00332
00861
01829
01727
00273
03738
00242
00563
01381
08100
01367
00906
01043
01647
01539
01250
06198
00811
08228
02356
01068
00124
01230
01033
08059
02355
01371
00579
00978
00859
00951
00863
02708
02022
01240
01196
01979
00556
01041
01798
03318
01383
00582
08227
03326
01571
00596
01366
01599
01617
01963
00601
06182
08105
00245
08360
00707
02280
01323
01061
06183
00315
01883
00084
00330
01385
00230
00698
00369
01573
01361
02182
01466
00215
01828
00039
03608
01382
01661
02012
00755
03329
00973
03688
08191
01168
01223
01263
00024
03330
01636
00743
03773
01330
00045
00989
00999
01786
01029
00139
00297
01079
08279
01072
06118
02198
01035
01885
03366
00750
00102
01258
01600
02348
01475
00877
01205
00687
00680
06036
01899
00760
02377
00219
01572
08148
03358
02728
01710
01117
00113
02030
00887
03368
08086
01176
00337
08078
06826
00496
00400
06166
08039
00480
00383
00232
00517
00331
02183
08095
00467
00271
00341
02389
08310
01651
00925
01268
01129
01298
06128
00431
01518
00107
08511
01708
00028
00164
00943
00802
00807
08082
08158
00845
01070
03399
00577
06836
08232
01332
01111
01830
00546
02083
08266
00162
00808
01065
02033
00041
00035
03989
02283
00256
02014
00611
00353
01706
00231
01415
02000
08287
00133
01639
00034
01678
00053
01982
01314
00980
00702
01908
00434
01420
00182
01009
08325
01609
00689
00235
00686
01432
00061
08037
06038
08137
00997
08536
03081
01220
00468
02337
01387
00129
01526
00058
08073
00286
01188
03303
06168
01671
00503
08136
00787
01575
00509
00894
00703
01591
01557
06830
00821
01676
01509
01115
01742
01848
00994
00391
01107
02139
03336
01589
00850
08300
00568
00108
01039
01375
01803
08421
00996
08328
01663
01090
01175
00928
00052
02236
00426
00886
00521
00603
00719
01373
00169
02722
00296
02199
01866
01822
03939
00718
03683
00882
00735
08147
00098
08427
01281
00364
08462
02113
08293
00357
00553
00126
01181
00573
01546
01610
00030
01252
00258
01172
01560
01108
03709
01345
08413
00217
00888
00085
00558
01315
00484
00560
01683
00032
03393
08179
08448
00456
06122
08410
00062
01679
00653
00539
00704
03382
02399
01037
01222
01239
03389
08151
00945
00717
00095
02255
01224
01132
03689
01733
00771
00116
02122
03600
08029
00281
06099
08265
01282
01191
01020
00207
00056
00343
02100
01300
01673
01583
02308
01122
08089
00900
01705
06829
00043
08326
08275
00197
02112
00097
00903
01137
02008
00798
00445
00848
02203
00993
01417
00078
02120
06865
08221
01486
01488
02320
01141
00727
01076
03369
00764
02326
00365
00398
01665
08167
00483
01103
00420
03300
08183
02488
01685
01358
02623
00838
06885
00221
00198
01165
00313
02002
00499
00912
08522
01262
01124
00564
00952
00497
01716
08001
01101
00620
02699
00543
00837
00418
08470
01057
03395
01552
02698
00519
01608
00298
01195
06839
02116
01349
00613
01735
00542
00947
00851
02341
00367
00738
08021
01215
00026
00269
01718
00697
00240
00908
06189
02016
08308
01126
02383
06113
01322
00321
00373
01253
00580
00376
08446
01460
01588
02178
00619
00747
00488
08431
02225
03848
00567
00018
08363
02227
08237
00433
01858
01028
00299
01696
01439
03378
00435
00309
06816
03344
01143
01621
00015
00662
00605
01884
00208
00623
00147
00161
00775
00829
00627
01216
00274
08026
06868
01881
08527
02010
00312
00776
02322
03833
08447
00411
00031
01826
06123
00033
00559
00524
01555
01164
00622
00265
08419
08080
02028
00216
01667
00500
01080
08473
08366
00214
00086
00555
08118
00953
00986
08071
01006
00471
02880
08041
01270
08367
00575
08313
00194
01045
00120
00907
01421
00866
00825
03331
08225
00571
00876
00593
03636
00334
08047
00118
01396
08030
03686
08170
01419
01271
08487
02080
08437
00899
01547
00130
03948
02211
01627
08347
00088
01023
01900
06136
08028
06080
02212
08217
08267
01265
00672
01633
01200
00498
08055
00040
00342
08400
08452
08415
03788
00346
01127
00872
00361
01711
08436
00044
08479
01182
01523
00987
02266
01722
02448
02222
00682
02239
00122
08401
00038
00911
00218
00154
00009
00163
00595
08043
01771
02363
00094
03838
00959
00149
00715
02368
02226
01400
01581
03355
06893
00536
01933
00852
02299
01737
00153
00716
01538
08451
00833
08521
00746
00936
00275
08402
00228
02686
08349
08107
08102
01301
00626
00840
03699
00713
08426
00526
00326
08226
01470
01232
02327
02345
00158
00036
00340
01277
01340
01962
00862
00610
00204
02393
00685
00661
03903
08535
00800
00666
00550
03315
01327
00869
08241
00064
01053
08299
01730
03822
00259
00901
01202
00616
00057
01096
00430
01707
00305
01321
08198
02166
01198
08510
08103
03708
00055
06838
03698
02068
02031
01522
01355
00160
01184
01365
08113
00757
00985
03322
00389
02378
00292
08256
00387
00287
00260
01738
02339
00904
00280
00112
03363
01989
01990
01520
08315
03623
00948
00529
08301
00091
03882
01180
01362
01551
00769
01578
08345
00180
00125
01290
03999
00841
01496
08291
02366
08445
00487
00348
01087
08350
01469
01596
00051
00227
08321
00195
02700
08192
01938
00752
06288
08422
02309
00236
08463
08377
02312
00690
00844
00290
01185
03966
00222
02882
00803
08356
00362
02307
00380
08460
00979
00878
00710
00505
08142
01148
01426
01580
08513
08407
01319
02023
08391
02371
01219
00397
01808
08193
02323
00889
01985
00381
00255
00408
00417
00138
03666
01637
08079
01135
00183
00047
01495
01556
00722
08333
00025
01699
01430
08340
00355
00143
01201
00464
00199
00416
08372
01452
01498
00801
08406
00210
08457
01094
00910
00617
03678
01543
08245
01063
01050
02025
00711
01260
00295
00393
00640
00225
01447
00721
08091
01097
00706
00237
08050
01026
08409
01655
00830
08020
00618
02738
01110
03816
08526
00239
00311
01226
00712
08260
02066
01461
01341
08240
00684
06880
08090
00223
00982
00532
08379
00191
00076
08507
01075
00858
08532
00436
00922
01305
08117
01456
08067
02086
01389
00106
00104
08282
02277
01049
02292
08195
08116
00226
01237
08442
00071
00720
06139
01348
01062
01393
03878
08247
02683
00157
02118
00021
01613
00515
00402
08186
00675
00351
08272
06163
00079
00804
08342
01446
00278
01616
06196
00229
01273
00065
08007
00114
00809
00479
02878
00602
06161
03839
03789
08066
08040
00156
01091
01022
01856
01259
01255
08355
08150
00202
08238
00975
00060
08023
00109
00733
01278
01104
02088
08411
00527
00765
08143
00250
08361
00630
00395
00976
00244
00211
08358
06896
00209
00475
02218
01388
08425
02668
01207
00679
01836
08346
08370
00105
00540
03778
08495
08309
08063
00370
08200
00238
01231
08319
03830
08005
00759
03889
08481
08081
02111
00681
08239
00510
03332
00565
01008
08153
06888
03313
08171
08203
01695
08383
01296
01468
01170
01568
00037
08201
00110
00077
01085
02302
08450
08329
00896
08230
00831
02221
00538
01118
01838
08295
08085
00822
01450
00187
02213
01326
01338
08429
03768
08506
00637
01046
00923
01218
08130
00042
02788
01370
08013
01635
01002
08065
08108
08125
00638
08271
08485
02133
00731
01418
02358
02324
00360
08416
00736
06899
03638
00432
00988
01247
01246
00897
00827
02017
01612
01178
01249
00185
02336
08246
01682
03626
00929
00531
03737
00871
00117
08353
01189
00767
00926
02317
08112
00628
06188
01395
00469
02193
08123
00935
00206
01285
01312
00518
00474
00641
01868
00048
01606
08257
08250
00243
08509
08285
08519
00131
08197
08133
08009
08296
02886
01027
01626
00146
06866
01010
08220
08432
01082
00632
00399
00166
08199
08018
01229
00145
01483
02121
08166
02286
08405
01549
00646
00276
02340
01036
00724
01064
00070
01693
00320
00159
01190
08337
00794
08277
01173
00188
08190
00359
00533
08109
01335
00115
00449
08376
00927
00854
01386
08501
00442
08316
00366
08161
01121
01878
01217
00329
00459
00842
08493
01397
01380
00261
08093
01221
02379
08472
08251
02789
00913
08480
08048
00609
08243
01991
08455
02223
00444
00990
00650
00093
08412
01662
01328
02281
08049
08236
08120
08312
00476
00403
00875
00495
00726
00328
08088
02288
08242
08465
08456
08297
00723
06882
08152
00412
00205
00379
01206
06898
00248
08031
08062
08362
00893
01586
01629
08046
08196
00674
00885
01372
01105
08365
08269
08052
00969
08181
00472
00938
01480
01047
00678
08290
00651
00766
00090
00172
08162
08092
00557
00167
00491
00193
00600
00482
08523
00121
08121
00423
00768
01245
01152
01697
00834
08149
08395
01559
00263
08281
01993
00176
00099
02289
00745
02863
00111
08371
02310
08270
00701
08428
01975
00984
00898
00643
00428
08111
01799
01210
00660
01476
01150
00075
00282
00234
08027
08375
08035
08006
00730
08212
08280
06833
00919
00072
08317
08311
00294
00063
08072
08476
01500
01272
06822
00485
01656
00213
08249
01275
00635
01192
00814
00657
00663
00333
01069
00310
03828
01013
01227
00865
00918
03398
00092
01146
08163
08132
01142
08019
00401
83168
80737
08572
08571
08567
08566
08561
08553
08471
08439
08369
08368
08348
08343
08341
08336
08331
08327
08320
08318
08307
08306
08286
08278
08273
08268
08262
08261
08258
08255
08252
08235
08233
08229
08222
08218
08216
08215
08213
08211
08206
08205
08202
08189
08187
08182
08178
08177
08176
08175
08173
08172
08169
08165
08160
08159
08155
08145
08141
08139
08135
08131
08129
08128
08127
08126
08122
08119
08115
08106
08098
08097
08087
08077
08076
08075
08070
08069
08061
08060
08056
08053
08051
08045
08038
08033
08025
08016
08012
08011
08003
06863
06133
06108
06090
03963
03893
03886
03869
03868
03866
03823
03777
03663
03639
03628
03335
02898
02889
02608
02468
02398
02369
02349
02330
02300
02278
02229
02228
02168
02123
02078
02011
01998
01932
01910
01886
01863
01831
01823
01819
01702
01698
01669
01649
01625
01619
01577
01570
01561
01532
01527
01492
01459
01443
01399
01369
01353
01329
01318
01303
01292
01289
01280
01241
01236
01235
01228
01225
01213
01203
01197
01194
01187
01174
01163
01160
01159
01155
01151
01149
01145
01139
01136
01125
01123
01120
01116
01100
01073
01059
01058
01048
01021
01019
01007
01005
01001
01000
00983
00974
00967
00954
00940
00933
00930
00909
00905
00873
00864
00847
00846
00835
00828
00812
00810
00789
00770
00763
00761
00758
00737
00725
00705
00695
00693
00692
00691
00677
00676
00673
00668
00655
00648
00647
00645
00629
00608
00592
00591
00589
00587
00583
00578
00566
00554
00544
00528
00513
00465
00462
00458
00455
00438
00422
00413
00406
00404
00396
00385
00377
00375
00374
00356
00339
00335
00318
00307
00306
00300
00289
00283
00277
00266
00262
00254
00253
00252
00247
00246
00233
00224
00212
00201
00186
00184
00181
00174
00155
00141
00137
00132
00103
00100
00096
00089
00082
00080
00073
00068
00067
00050
00046
00022